0,4,5,6,10,9,8,12,13,14,15,11,7,3,2,1
0,4,5,9,8,12,13,14,15,11,10,6,7,3,2,1
0,4,8,12,13,9,5,6,10,14,15,11,7,3,2,1
0,4,8,12,13,9,10,14,15,11,7,3,2,6,5,1
0,4,8,12,13,14,15,11,7,3,2,6,10,9,5,1
0,4,8,12,13,14,15,11,10,9,5,6,7,3,2,1
0,1,2,6,5,4,8,12,13,9,10,14,15,11,7,3
0,1,2,6,10,9,5,4,8,12,13,14,15,11,7,3
0,1,5,4,8,12,13,9,10,14,15,11,7,6,2,3
0,4,5,1,2,6,10,9,8,12,13,14,15,11,7,3
0,4,8,12,13,9,5,1,2,6,10,14,15,11,7,3
0,4,8,12,13,9,10,14,15,11,7,6,5,1,2,3
0,4,8,12,13,14,15,11,7,6,10,9,5,1,2,3
0,4,8,12,13,14,15,11,10,9,5,1,2,6,7,3
0,1,2,3,7,6,5,9,10,11,15,14,13,12,8,4
0,1,2,3,7,6,10,11,15,14,13,12,8,9,5,4
0,1,2,3,7,11,15,14,10,6,5,9,13,12,8,4
0,1,2,3,7,11,15,14,13,12,8,9,10,6,5,4
0,1,5,6,2,3,7,11,15,14,10,9,13,12,8,4
0,1,5,9,10,6,2,3,7,11,15,14,13,12,8,4
0,1,2,3,7,11,15,14,10,9,13,12,8,4,5,6
0,1,2,3,7,11,15,14,13,12,8,4,5,9,10,6
0,1,5,4,8,12,13,9,10,14,15,11,7,3,2,6
0,4,5,1,2,3,7,11,15,14,13,12,8,9,10,6
0,4,8,12,13,9,5,1,2,3,7,11,15,14,10,6
0,4,8,12,13,9,10,14,15,11,7,3,2,1,5,6
0,4,8,12,13,14,15,11,7,3,2,1,5,9,10,6
0,4,8,12,13,14,15,11,10,9,5,1,2,3,7,6
0,1,2,3,7,6,5,4,8,12,13,14,15,11,10,9
0,1,2,3,7,6,10,11,15,14,13,12,8,4,5,9
0,1,2,3,7,11,15,14,10,6,5,4,8,12,13,9
0,1,2,3,7,11,15,14,13,12,8,4,5,6,10,9
0,1,5,4,8,12,13,14,15,11,7,3,2,6,10,9
0,4,5,1,2,3,7,6,10,11,15,14,13,12,8,9
0,4,8,12,13,14,15,11,7,3,2,1,5,6,10,9
0,4,8,12,13,14,15,11,10,6,7,3,2,1,5,9
0,1,2,3,7,6,5,4,8,12,13,9,10,14,15,11
0,1,2,3,7,6,10,9,5,4,8,12,13,14,15,11
0,4,5,1,2,3,7,6,10,9,8,12,13,14,15,11
0,4,8,12,13,9,5,1,2,3,7,6,10,14,15,11
0,1,2,3,7,6,5,4,8,9,10,11,15,14,13,12
0,1,2,3,7,6,10,11,15,14,13,9,5,4,8,12
0,1,2,3,7,11,15,14,10,6,5,4,8,9,13,12
0,1,2,3,7,11,15,14,13,9,10,6,5,4,8,12
0,1,5,4,8,9,10,6,2,3,7,11,15,14,13,12
0,4,5,1,2,3,7,6,10,11,15,14,13,9,8,12
0,4,8,9,5,1,2,3,7,6,10,11,15,14,13,12
0,4,8,9,10,6,5,1,2,3,7,11,15,14,13,12
0,1,2,3,7,6,5,4,8,12,13,9,10,11,15,14
0,1,5,4,8,12,13,9,10,6,2,3,7,11,15,14
0,4,8,12,13,9,5,1,2,3,7,6,10,11,15,14
0,4,8,12,13,9,10,6,5,1,2,3,7,11,15,14
1,2,3,7,6,5,9,10,11,15,14,13,12,8,4,0
1,2,3,7,6,10,11,15,14,13,12,8,9,5,4,0
1,2,3,7,11,15,14,10,6,5,9,13,12,8,4,0
1,2,3,7,11,15,14,13,12,8,9,10,6,5,4,0
1,5,6,2,3,7,11,15,14,10,9,13,12,8,4,0
1,5,9,10,6,2,3,7,11,15,14,13,12,8,4,0
1,0,4,5,6,10,9,8,12,13,14,15,11,7,3,2
1,0,4,5,9,8,12,13,14,15,11,10,6,7,3,2
1,0,4,8,12,13,9,5,6,10,14,15,11,7,3,2
1,0,4,8,12,13,14,15,11,10,9,5,6,7,3,2
1,0,4,8,12,13,9,10,14,15,11,7,3,2,6,5
1,0,4,8,12,13,14,15,11,7,3,2,6,10,9,5
1,0,4,5,9,8,12,13,14,15,11,10,6,2,3,7
1,0,4,8,12,13,14,15,11,10,9,5,6,2,3,7
1,0,4,5,6,2,3,7,11,15,14,10,9,13,12,8
1,0,4,5,9,10,6,2,3,7,11,15,14,13,12,8
1,0,4,5,6,2,3,7,11,15,14,13,12,8,9,10
1,0,4,5,9,8,12,13,14,15,11,7,3,2,6,10
1,0,4,8,12,13,9,5,6,2,3,7,11,15,14,10
1,0,4,8,12,13,14,15,11,7,3,2,6,5,9,10
1,0,4,5,6,2,3,7,11,15,14,10,9,8,12,13
1,0,4,5,6,2,3,7,11,10,9,8,12,13,14,15
1,0,4,5,9,8,12,13,14,10,6,2,3,7,11,15
1,0,4,8,12,13,9,5,6,2,3,7,11,10,14,15
1,0,4,8,12,13,14,10,9,5,6,2,3,7,11,15
2,3,7,6,5,9,10,11,15,14,13,12,8,4,0,1
2,3,7,6,10,11,15,14,13,12,8,9,5,4,0,1
2,3,7,11,15,14,10,6,5,9,13,12,8,4,0,1
2,3,7,11,15,14,13,12,8,9,10,6,5,4,0,1
2,1,0,4,5,6,10,9,8,12,13,14,15,11,7,3
2,1,0,4,5,9,8,12,13,14,15,11,10,6,7,3
2,1,0,4,8,12,13,9,5,6,10,14,15,11,7,3
2,1,0,4,8,12,13,14,15,11,10,9,5,6,7,3
2,6,5,1,0,4,8,12,13,9,10,14,15,11,7,3
2,6,10,9,5,1,0,4,8,12,13,14,15,11,7,3
2,3,7,6,10,11,15,14,13,12,8,9,5,1,0,4
2,3,7,11,15,14,13,12,8,9,10,6,5,1,0,4
2,3,7,11,15,14,10,9,13,12,8,4,0,1,5,6
2,3,7,11,15,14,13,12,8,4,0,1,5,9,10,6
2,3,7,6,5,1,0,4,8,12,13,14,15,11,10,9
2,3,7,6,10,11,15,14,13,12,8,4,0,1,5,9
2,3,7,11,15,14,10,6,5,1,0,4,8,12,13,9
2,3,7,11,15,14,13,12,8,4,0,1,5,6,10,9
2,3,7,6,5,1,0,4,8,12,13,9,10,14,15,11
2,3,7,6,10,9,5,1,0,4,8,12,13,14,15,11
2,3,7,6,5,1,0,4,8,9,10,11,15,14,13,12
2,3,7,6,10,11,15,14,13,9,5,1,0,4,8,12
2,3,7,11,15,14,10,6,5,1,0,4,8,9,13,12
2,3,7,11,15,14,13,9,10,6,5,1,0,4,8,12
2,3,7,6,5,1,0,4,8,12,13,9,10,11,15,14
3,2,1,5,6,7,11,15,14,10,9,13,12,8,4,0
3,2,1,5,9,10,6,7,11,15,14,13,12,8,4,0
3,2,6,7,11,15,14,10,9,13,12,8,4,5,1,0
3,7,6,2,1,5,9,10,11,15,14,13,12,8,4,0
3,7,11,15,14,10,6,2,1,5,9,13,12,8,4,0
3,7,11,15,14,10,9,13,12,8,4,5,6,2,1,0
3,7,11,15,14,13,12,8,4,5,9,10,6,2,1,0
3,7,11,15,14,13,12,8,9,10,6,2,1,5,4,0
3,7,6,5,9,10,11,15,14,13,12,8,4,0,1,2
3,7,6,10,11,15,14,13,12,8,9,5,4,0,1,2
3,7,11,15,14,10,6,5,9,13,12,8,4,0,1,2
3,7,11,15,14,10,9,13,12,8,4,0,1,5,6,2
3,7,11,15,14,13,12,8,4,0,1,5,9,10,6,2
3,7,11,15,14,13,12,8,9,10,6,5,4,0,1,2
3,2,1,0,4,8,12,13,9,10,14,15,11,7,6,5
3,2,1,0,4,8,12,13,14,15,11,7,6,10,9,5
3,2,6,7,11,15,14,10,9,13,12,8,4,0,1,5
3,7,6,2,1,0,4,8,12,13,14,15,11,10,9,5
3,7,11,15,14,10,6,2,1,0,4,8,12,13,9,5
3,7,11,15,14,10,9,13,12,8,4,0,1,2,6,5
3,7,11,15,14,13,12,8,4,0,1,2,6,10,9,5
3,7,11,15,14,13,12,8,9,10,6,2,1,0,4,5
3,2,1,0,4,5,6,10,9,8,12,13,14,15,11,7
3,2,1,0,4,5,9,8,12,13,14,15,11,10,6,7
3,2,1,0,4,8,12,13,9,5,6,10,14,15,11,7
3,2,1,0,4,8,12,13,14,15,11,10,9,5,6,7
3,2,6,5,1,0,4,8,12,13,9,10,14,15,11,7
3,2,6,10,9,5,1,0,4,8,12,13,14,15,11,7
3,2,1,0,4,5,6,7,11,15,14,10,9,13,12,8
3,2,1,0,4,5,9,10,6,7,11,15,14,13,12,8
3,7,6,2,1,0,4,5,9,10,11,15,14,13,12,8
3,7,11,15,14,10,6,2,1,0,4,5,9,13,12,8
3,2,1,0,4,5,6,7,11,15,14,13,12,8,9,10
3,2,1,0,4,5,9,8,12,13,14,15,11,7,6,10
3,2,1,0,4,8,12,13,9,5,6,7,11,15,14,10
3,2,1,0,4,8,12,13,14,15,11,7,6,5,9,10
3,2,6,7,11,15,14,13,12,8,4,0,1,5,9,10
3,7,6,2,1,0,4,5,9,8,12,13,14,15,11,10
3,7,11,15,14,13,12,8,4,0,1,2,6,5,9,10
3,7,11,15,14,13,12,8,9,5,4,0,1,2,6,10
3,2,1,0,4,5,6,7,11,15,14,10,9,8,12,13
3,2,6,7,11,15,14,10,9,5,1,0,4,8,12,13
3,7,11,15,14,10,6,2,1,0,4,5,9,8,12,13
3,7,11,15,14,10,9,5,6,2,1,0,4,8,12,13
3,2,1,0,4,5,6,7,11,10,9,8,12,13,14,15
3,2,1,0,4,5,9,8,12,13,14,10,6,7,11,15
3,2,1,0,4,8,12,13,9,5,6,7,11,10,14,15
3,2,1,0,4,8,12,13,14,10,9,5,6,7,11,15
3,2,6,7,11,10,9,5,1,0,4,8,12,13,14,15
3,7,6,2,1,0,4,5,9,8,12,13,14,10,11,15
3,7,11,10,6,2,1,0,4,5,9,8,12,13,14,15
3,7,11,10,9,5,6,2,1,0,4,8,12,13,14,15
4,5,6,10,9,8,12,13,14,15,11,7,3,2,1,0
4,5,9,8,12,13,14,15,11,10,6,7,3,2,1,0
4,8,12,13,9,5,6,10,14,15,11,7,3,2,1,0
4,8,12,13,9,10,14,15,11,7,3,2,6,5,1,0
4,8,12,13,14,15,11,7,3,2,6,10,9,5,1,0
4,8,12,13,14,15,11,10,9,5,6,7,3,2,1,0
4,0,1,5,6,10,9,8,12,13,14,15,11,7,3,2
4,0,1,5,9,8,12,13,14,15,11,10,6,7,3,2
4,0,1,2,3,7,6,10,11,15,14,13,12,8,9,5
4,0,1,2,3,7,11,15,14,13,12,8,9,10,6,5
4,0,1,5,9,8,12,13,14,15,11,10,6,2,3,7
4,0,1,2,3,7,6,5,9,10,11,15,14,13,12,8
4,0,1,2,3,7,11,15,14,10,6,5,9,13,12,8
4,0,1,5,6,2,3,7,11,15,14,10,9,13,12,8
4,0,1,5,9,10,6,2,3,7,11,15,14,13,12,8
4,0,1,2,3,7,6,5,9,8,12,13,14,15,11,10
4,0,1,2,3,7,11,15,14,13,12,8,9,5,6,10
4,0,1,5,6,2,3,7,11,15,14,13,12,8,9,10
4,0,1,5,9,8,12,13,14,15,11,7,3,2,6,10
4,0,1,2,3,7,11,15,14,10,6,5,9,8,12,13
4,0,1,5,6,2,3,7,11,15,14,10,9,8,12,13
4,0,1,2,3,7,6,5,9,8,12,13,14,10,11,15
4,0,1,2,3,7,11,10,6,5,9,8,12,13,14,15
4,0,1,5,6,2,3,7,11,10,9,8,12,13,14,15
4,0,1,5,9,8,12,13,14,10,6,2,3,7,11,15
5,6,2,3,7,11,15,14,10,9,13,12,8,4,0,1
5,9,10,6,2,3,7,11,15,14,13,12,8,4,0,1
5,1,0,4,8,12,13,9,10,14,15,11,7,6,2,3
5,4,0,1,2,6,10,9,8,12,13,14,15,11,7,3
5,6,2,1,0,4,8,12,13,9,10,14,15,11,7,3
5,6,7,11,15,14,10,9,13,12,8,4,0,1,2,3
5,9,10,6,2,1,0,4,8,12,13,14,15,11,7,3
5,9,10,6,7,11,15,14,13,12,8,4,0,1,2,3
5,9,10,11,15,14,13,12,8,4,0,1,2,6,7,3
5,9,13,12,8,4,0,1,2,6,10,14,15,11,7,3
5,6,10,9,8,12,13,14,15,11,7,3,2,1,0,4
5,9,8,12,13,14,15,11,10,6,7,3,2,1,0,4
5,1,0,4,8,12,13,9,10,14,15,11,7,3,2,6
5,4,0,1,2,3,7,11,15,14,13,12,8,9,10,6
5,9,10,11,15,14,13,12,8,4,0,1,2,3,7,6
5,9,13,12,8,4,0,1,2,3,7,11,15,14,10,6
5,1,0,4,8,12,13,14,15,11,7,3,2,6,10,9
5,4,0,1,2,3,7,6,10,11,15,14,13,12,8,9
5,6,7,3,2,1,0,4,8,12,13,14,15,11,10,9
5,6,10,14,15,11,7,3,2,1,0,4,8,12,13,9
5,4,0,1,2,3,7,6,10,9,8,12,13,14,15,11
5,6,7,3,2,1,0,4,8,12,13,9,10,14,15,11
5,9,10,6,7,3,2,1,0,4,8,12,13,14,15,11
5,9,13,12,8,4,0,1,2,3,7,6,10,14,15,11
5,1,0,4,8,9,10,6,2,3,7,11,15,14,13,12
5,4,0,1,2,3,7,6,10,11,15,14,13,9,8,12
5,6,7,3,2,1,0,4,8,9,10,11,15,14,13,12
5,6,10,9,8,4,0,1,2,3,7,11,15,14,13,12
5,6,10,9,13,14,15,11,7,3,2,1,0,4,8,12
5,6,10,14,15,11,7,3,2,1,0,4,8,9,13,12
5,9,8,4,0,1,2,3,7,6,10,11,15,14,13,12
5,9,13,14,15,11,10,6,7,3,2,1,0,4,8,12
5,1,0,4,8,12,13,9,10,6,2,3,7,11,15,14
5,6,7,3,2,1,0,4,8,12,13,9,10,11,15,14
5,6,10,9,13,12,8,4,0,1,2,3,7,11,15,14
5,9,13,12,8,4,0,1,2,3,7,6,10,11,15,14
6,2,3,7,11,15,14,10,9,13,12,8,4,5,1,0
6,5,1,2,3,7,11,15,14,10,9,13,12,8,4,0
6,5,4,8,12,13,9,10,14,15,11,7,3,2,1,0
6,7,3,2,1,5,9,10,11,15,14,13,12,8,4,0
6,10,9,5,1,2,3,7,11,15,14,13,12,8,4,0
6,10,9,5,4,8,12,13,14,15,11,7,3,2,1,0
6,10,9,8,12,13,14,15,11,7,3,2,1,5,4,0
6,10,14,15,11,7,3,2,1,5,9,13,12,8,4,0
6,5,1,0,4,8,12,13,9,10,14,15,11,7,3,2
6,10,9,5,1,0,4,8,12,13,14,15,11,7,3,2
6,2,3,7,11,15,14,10,9,13,12,8,4,0,1,5
6,7,3,2,1,0,4,8,12,13,14,15,11,10,9,5
6,10,9,8,12,13,14,15,11,7,3,2,1,0,4,5
6,10,14,15,11,7,3,2,1,0,4,8,12,13,9,5
6,5,9,10,11,15,14,13,12,8,4,0,1,2,3,7
6,10,11,15,14,13,12,8,9,5,4,0,1,2,3,7
6,5,4,0,1,2,3,7,11,15,14,10,9,13,12,8
6,7,3,2,1,0,4,5,9,10,11,15,14,13,12,8
6,10,9,5,4,0,1,2,3,7,11,15,14,13,12,8
6,10,14,15,11,7,3,2,1,0,4,5,9,13,12,8
6,2,3,7,11,15,14,13,12,8,4,0,1,5,9,10
6,5,4,0,1,2,3,7,11,15,14,13,12,8,9,10
6,5,9,13,12,8,4,0,1,2,3,7,11,15,14,10
6,7,3,2,1,0,4,5,9,8,12,13,14,15,11,10
6,2,3,7,11,15,14,10,9,5,1,0,4,8,12,13
6,5,4,0,1,2,3,7,11,15,14,10,9,8,12,13
6,5,9,10,14,15,11,7,3,2,1,0,4,8,12,13
6,10,14,15,11,7,3,2,1,0,4,5,9,8,12,13
6,2,3,7,11,10,9,5,1,0,4,8,12,13,14,15
6,5,4,0,1,2,3,7,11,10,9,8,12,13,14,15
6,5,9,10,11,7,3,2,1,0,4,8,12,13,14,15
6,5,9,10,14,13,12,8,4,0,1,2,3,7,11,15
6,5,9,13,12,8,4,0,1,2,3,7,11,10,14,15
6,7,3,2,1,0,4,5,9,8,12,13,14,10,11,15
6,10,11,7,3,2,1,0,4,5,9,8,12,13,14,15
6,10,14,13,12,8,9,5,4,0,1,2,3,7,11,15
7,3,2,6,5,9,10,11,15,14,13,12,8,4,0,1
7,3,2,6,10,11,15,14,13,12,8,9,5,4,0,1
7,6,5,9,10,11,15,14,13,12,8,4,0,1,2,3
7,6,10,11,15,14,13,12,8,9,5,4,0,1,2,3
7,11,15,14,10,6,5,9,13,12,8,4,0,1,2,3
7,11,15,14,10,9,13,12,8,4,0,1,5,6,2,3
7,11,15,14,13,12,8,4,0,1,5,9,10,6,2,3
7,11,15,14,13,12,8,9,10,6,5,4,0,1,2,3
7,3,2,6,10,11,15,14,13,12,8,9,5,1,0,4
7,3,2,1,0,4,5,9,8,12,13,14,15,11,10,6
7,3,2,1,0,4,8,12,13,14,15,11,10,9,5,6
7,3,2,1,0,4,5,6,10,11,15,14,13,12,8,9
7,3,2,1,0,4,8,12,13,14,15,11,10,6,5,9
7,3,2,6,5,1,0,4,8,12,13,14,15,11,10,9
7,3,2,6,10,11,15,14,13,12,8,4,0,1,5,9
7,3,2,1,0,4,5,6,10,9,8,12,13,14,15,11
7,3,2,1,0,4,8,12,13,9,5,6,10,14,15,11
7,3,2,6,5,1,0,4,8,12,13,9,10,14,15,11
7,3,2,6,10,9,5,1,0,4,8,12,13,14,15,11
7,3,2,1,0,4,5,6,10,11,15,14,13,9,8,12
7,3,2,1,0,4,8,9,5,6,10,11,15,14,13,12
7,3,2,6,5,1,0,4,8,9,10,11,15,14,13,12
7,3,2,6,10,11,15,14,13,9,5,1,0,4,8,12
7,3,2,1,0,4,8,12,13,9,5,6,10,11,15,14
7,3,2,6,5,1,0,4,8,12,13,9,10,11,15,14
8,12,13,9,10,14,15,11,7,3,2,6,5,4,0,1
8,12,13,14,15,11,7,3,2,6,10,9,5,4,0,1
8,12,13,9,5,4,0,1,2,6,10,14,15,11,7,3
8,12,13,9,10,14,15,11,7,6,5,4,0,1,2,3
8,12,13,14,15,11,7,6,10,9,5,4,0,1,2,3
8,12,13,14,15,11,10,9,5,4,0,1,2,6,7,3
8,12,13,9,5,6,10,14,15,11,7,3,2,1,0,4
8,12,13,9,10,14,15,11,7,3,2,6,5,1,0,4
8,12,13,14,15,11,7,3,2,6,10,9,5,1,0,4
8,12,13,14,15,11,10,9,5,6,7,3,2,1,0,4
8,12,13,9,5,4,0,1,2,3,7,11,15,14,10,6
8,12,13,9,10,14,15,11,7,3,2,1,0,4,5,6
8,12,13,14,15,11,7,3,2,1,0,4,5,9,10,6
8,12,13,14,15,11,10,9,5,4,0,1,2,3,7,6
8,12,13,14,15,11,7,3,2,1,0,4,5,6,10,9
8,12,13,14,15,11,10,6,7,3,2,1,0,4,5,9
8,12,13,9,5,4,0,1,2,3,7,6,10,14,15,11
8,4,0,1,2,3,7,6,5,9,10,11,15,14,13,12
8,4,0,1,2,3,7,11,15,14,10,6,5,9,13,12
8,4,0,1,5,6,2,3,7,11,15,14,10,9,13,12
8,4,0,1,5,9,10,6,2,3,7,11,15,14,13,12
8,9,5,4,0,1,2,3,7,6,10,11,15,14,13,12
8,9,10,6,5,4,0,1,2,3,7,11,15,14,13,12
8,12,13,9,5,4,0,1,2,3,7,6,10,11,15,14
8,12,13,9,10,6,5,4,0,1,2,3,7,11,15,14
9,5,1,2,3,7,6,10,11,15,14,13,12,8,4,0
9,5,4,8,12,13,14,15,11,10,6,7,3,2,1,0
9,8,12,13,14,15,11,10,6,7,3,2,1,5,4,0
9,10,6,2,3,7,11,15,14,13,12,8,4,5,1,0
9,10,6,5,1,2,3,7,11,15,14,13,12,8,4,0
9,10,6,5,4,8,12,13,14,15,11,7,3,2,1,0
9,10,11,15,14,13,12,8,4,5,6,7,3,2,1,0
9,13,12,8,4,5,6,10,14,15,11,7,3,2,1,0
9,5,1,0,4,8,12,13,14,15,11,10,6,7,3,2
9,10,6,5,1,0,4,8,12,13,14,15,11,7,3,2
9,10,11,15,14,13,12,8,4,0,1,5,6,7,3,2
9,13,12,8,4,0,1,5,6,10,14,15,11,7,3,2
9,8,12,13,14,15,11,10,6,7,3,2,1,0,4,5
9,10,6,2,3,7,11,15,14,13,12,8,4,0,1,5
9,10,11,15,14,13,12,8,4,0,1,2,3,7,6,5
9,13,12,8,4,0,1,2,3,7,11,15,14,10,6,5
9,5,1,0,4,8,12,13,14,15,11,10,6,2,3,7
9,5,6,10,11,15,14,13,12,8,4,0,1,2,3,7
9,8,12,13,14,15,11,10,6,5,4,0,1,2,3,7
9,10,11,15,14,13,12,8,4,0,1,5,6,2,3,7
9,5,4,0,1,2,3,7,6,10,11,15,14,13,12,8
9,10,6,5,4,0,1,2,3,7,11,15,14,13,12,8
9,5,1,0,4,8,12,13,14,15,11,7,3,2,6,10
9,5,6,7,3,2,1,0,4,8,12,13,14,15,11,10
9,8,12,13,14,15,11,7,3,2,1,0,4,5,6,10
9,13,12,8,4,0,1,5,6,2,3,7,11,15,14,10
9,5,6,10,14,15,11,7,3,2,1,0,4,8,12,13
9,10,14,15,11,7,3,2,6,5,1,0,4,8,12,13
9,5,1,0,4,8,12,13,14,10,6,2,3,7,11,15
9,5,6,7,3,2,1,0,4,8,12,13,14,10,11,15
9,5,6,10,11,7,3,2,1,0,4,8,12,13,14,15
9,5,6,10,14,13,12,8,4,0,1,2,3,7,11,15
9,8,12,13,14,10,6,5,4,0,1,2,3,7,11,15
9,10,11,7,3,2,6,5,1,0,4,8,12,13,14,15
9,10,14,13,12,8,4,0,1,5,6,2,3,7,11,15
9,13,12,8,4,0,1,5,6,2,3,7,11,10,14,15
10,6,2,3,7,11,15,14,13,12,8,9,5,4,0,1
10,9,5,6,2,3,7,11,15,14,13,12,8,4,0,1
10,9,8,12,13,14,15,11,7,3,2,6,5,4,0,1
10,14,15,11,7,3,2,6,5,9,13,12,8,4,0,1
10,6,2,1,0,4,5,9,8,12,13,14,15,11,7,3
10,6,7,11,15,14,13,12,8,9,5,4,0,1,2,3
10,9,5,1,0,4,8,12,13,14,15,11,7,6,2,3
10,9,5,6,2,1,0,4,8,12,13,14,15,11,7,3
10,9,5,6,7,11,15,14,13,12,8,4,0,1,2,3
10,9,8,12,13,14,15,11,7,6,5,4,0,1,2,3
10,11,15,14,13,12,8,9,5,4,0,1,2,6,7,3
10,14,15,11,7,6,5,9,13,12,8,4,0,1,2,3
10,6,2,3,7,11,15,14,13,12,8,9,5,1,0,4
10,6,5,9,8,12,13,14,15,11,7,3,2,1,0,4
10,9,8,12,13,14,15,11,7,3,2,6,5,1,0,4
10,11,15,14,13,12,8,9,5,6,7,3,2,1,0,4
10,9,5,1,0,4,8,12,13,14,15,11,7,3,2,6
10,9,8,12,13,14,15,11,7,3,2,1,0,4,5,6
10,11,15,14,13,12,8,9,5,4,0,1,2,3,7,6
10,14,15,11,7,3,2,1,0,4,8,12,13,9,5,6
10,6,2,3,7,11,15,14,13,12,8,4,0,1,5,9
10,6,5,4,0,1,2,3,7,11,15,14,13,12,8,9
10,11,15,14,13,12,8,4,0,1,2,3,7,6,5,9
10,14,15,11,7,3,2,6,5,1,0,4,8,12,13,9
10,6,7,3,2,1,0,4,5,9,8,12,13,14,15,11
10,9,5,6,7,3,2,1,0,4,8,12,13,14,15,11
10,6,2,3,7,11,15,14,13,9,5,1,0,4,8,12
10,6,5,4,0,1,2,3,7,11,15,14,13,9,8,12
10,6,5,9,8,4,0,1,2,3,7,11,15,14,13,12
10,6,5,9,13,14,15,11,7,3,2,1,0,4,8,12
10,9,8,4,0,1,5,6,2,3,7,11,15,14,13,12
10,9,13,14,15,11,7,3,2,6,5,1,0,4,8,12
10,11,15,14,13,9,5,6,7,3,2,1,0,4,8,12
10,14,15,11,7,3,2,6,5,1,0,4,8,9,13,12
10,6,5,9,13,12,8,4,0,1,2,3,7,11,15,14
10,9,13,12,8,4,0,1,5,6,2,3,7,11,15,14
11,15,14,10,6,7,3,2,1,5,9,13,12,8,4,0
11,15,14,10,9,13,12,8,4,5,6,7,3,2,1,0
11,15,14,13,12,8,4,5,9,10,6,7,3,2,1,0
11,15,14,13,12,8,9,10,6,7,3,2,1,5,4,0
11,15,14,10,9,13,12,8,4,0,1,5,6,7,3,2
11,15,14,13,12,8,4,0,1,5,9,10,6,7,3,2
11,15,14,10,6,7,3,2,1,0,4,8,12,13,9,5
11,15,14,10,9,13,12,8,4,0,1,2,3,7,6,5
11,15,14,13,12,8,4,0,1,2,3,7,6,10,9,5
11,15,14,13,12,8,9,10,6,7,3,2,1,0,4,5
11,15,14,10,6,5,9,13,12,8,4,0,1,2,3,7
11,15,14,10,9,13,12,8,4,0,1,5,6,2,3,7
11,15,14,13,12,8,4,0,1,5,9,10,6,2,3,7
11,15,14,13,12,8,9,10,6,5,4,0,1,2,3,7
11,15,14,10,6,7,3,2,1,0,4,5,9,13,12,8
11,15,14,13,12,8,4,0,1,2,3,7,6,5,9,10
11,15,14,13,12,8,9,5,4,0,1,2,3,7,6,10
11,15,14,10,6,7,3,2,1,0,4,5,9,8,12,13
11,15,14,10,9,5,6,7,3,2,1,0,4,8,12,13
11,7,3,2,1,0,4,5,6,10,9,8,12,13,14,15
11,7,3,2,1,0,4,8,12,13,9,5,6,10,14,15
11,7,3,2,6,5,1,0,4,8,12,13,9,10,14,15
11,7,3,2,6,10,9,5,1,0,4,8,12,13,14,15
11,10,6,7,3,2,1,0,4,5,9,8,12,13,14,15
11,10,9,5,6,7,3,2,1,0,4,8,12,13,14,15
12,8,4,5,6,10,9,13,14,15,11,7,3,2,1,0
12,8,4,5,9,13,14,15,11,10,6,7,3,2,1,0
12,8,9,13,14,15,11,10,6,7,3,2,1,5,4,0
12,13,9,8,4,5,6,10,14,15,11,7,3,2,1,0
12,13,14,15,11,7,3,2,1,5,6,10,9,8,4,0
12,13,14,15,11,7,3,2,6,10,9,8,4,5,1,0
12,13,14,15,11,10,6,7,3,2,1,5,9,8,4,0
12,13,14,15,11,10,9,8,4,5,6,7,3,2,1,0
12,8,4,0,1,5,6,10,9,13,14,15,11,7,3,2
12,8,4,0,1,5,9,13,14,15,11,10,6,7,3,2
12,13,9,8,4,0,1,5,6,10,14,15,11,7,3,2
12,13,14,15,11,10,9,8,4,0,1,5,6,7,3,2
12,8,4,0,1,2,3,7,6,10,11,15,14,13,9,5
12,8,4,0,1,2,3,7,11,15,14,13,9,10,6,5
12,8,9,13,14,15,11,10,6,7,3,2,1,0,4,5
12,13,9,8,4,0,1,2,3,7,11,15,14,10,6,5
12,13,14,15,11,7,3,2,1,0,4,8,9,10,6,5
12,13,14,15,11,7,3,2,6,10,9,8,4,0,1,5
12,13,14,15,11,10,6,7,3,2,1,0,4,8,9,5
12,13,14,15,11,10,9,8,4,0,1,2,3,7,6,5
12,8,4,0,1,5,9,13,14,15,11,10,6,2,3,7
12,8,9,13,14,15,11,10,6,5,4,0,1,2,3,7
12,13,14,15,11,10,6,5,9,8,4,0,1,2,3,7
12,13,14,15,11,10,9,8,4,0,1,5,6,2,3,7
12,13,9,5,6,10,14,15,11,7,3,2,1,0,4,8
12,13,9,10,14,15,11,7,3,2,6,5,1,0,4,8
12,13,14,15,11,7,3,2,1,0,4,5,6,10,9,8
12,13,14,15,11,7,3,2,6,10,9,5,1,0,4,8
12,13,14,15,11,10,6,7,3,2,1,0,4,5,9,8
12,13,14,15,11,10,9,5,6,7,3,2,1,0,4,8
12,8,4,0,1,2,3,7,6,5,9,13,14,15,11,10
12,8,4,0,1,2,3,7,11,15,14,13,9,5,6,10
12,8,4,0,1,5,6,2,3,7,11,15,14,13,9,10
12,8,4,0,1,5,9,13,14,15,11,7,3,2,6,10
12,8,9,13,14,15,11,7,3,2,1,0,4,5,6,10
12,13,9,8,4,0,1,5,6,2,3,7,11,15,14,10
12,13,14,15,11,7,3,2,1,0,4,8,9,5,6,10
12,13,14,15,11,7,3,2,6,5,1,0,4,8,9,10
12,8,4,0,1,2,3,7,6,5,9,10,11,15,14,13
12,8,4,0,1,2,3,7,11,15,14,10,6,5,9,13
12,8,4,0,1,5,6,2,3,7,11,15,14,10,9,13
12,8,4,0,1,5,9,10,6,2,3,7,11,15,14,13
12,8,9,5,4,0,1,2,3,7,6,10,11,15,14,13
12,8,9,10,6,5,4,0,1,2,3,7,11,15,14,13
12,8,4,0,1,2,3,7,6,5,9,13,14,10,11,15
12,8,4,0,1,2,3,7,11,10,6,5,9,13,14,15
12,8,4,0,1,5,6,2,3,7,11,10,9,13,14,15
12,8,4,0,1,5,9,13,14,10,6,2,3,7,11,15
12,8,9,13,14,10,6,5,4,0,1,2,3,7,11,15
12,13,9,8,4,0,1,5,6,2,3,7,11,10,14,15
12,13,14,10,6,5,9,8,4,0,1,2,3,7,11,15
12,13,14,10,9,8,4,0,1,5,6,2,3,7,11,15
13,12,8,9,10,14,15,11,7,3,2,6,5,4,0,1
13,12,8,4,0,1,2,6,5,9,10,14,15,11,7,3
13,12,8,4,0,1,5,9,10,14,15,11,7,6,2,3
13,12,8,9,5,4,0,1,2,6,10,14,15,11,7,3
13,12,8,9,10,14,15,11,7,6,5,4,0,1,2,3
13,12,8,9,5,6,10,14,15,11,7,3,2,1,0,4
13,12,8,9,10,14,15,11,7,3,2,6,5,1,0,4
13,12,8,4,0,1,2,3,7,11,15,14,10,9,5,6
13,12,8,4,0,1,5,9,10,14,15,11,7,3,2,6
13,12,8,9,5,4,0,1,2,3,7,11,15,14,10,6
13,12,8,9,10,14,15,11,7,3,2,1,0,4,5,6
13,12,8,4,0,1,2,3,7,11,15,14,10,6,5,9
13,12,8,4,0,1,5,6,2,3,7,11,15,14,10,9
13,12,8,4,0,1,2,3,7,6,5,9,10,14,15,11
13,12,8,9,5,4,0,1,2,3,7,6,10,14,15,11
13,9,5,6,10,14,15,11,7,3,2,1,0,4,8,12
13,9,10,14,15,11,7,3,2,6,5,1,0,4,8,12
13,14,15,11,7,3,2,1,0,4,5,6,10,9,8,12
13,14,15,11,7,3,2,6,10,9,5,1,0,4,8,12
13,14,15,11,10,6,7,3,2,1,0,4,5,9,8,12
13,14,15,11,10,9,5,6,7,3,2,1,0,4,8,12
13,12,8,4,0,1,2,3,7,6,5,9,10,11,15,14
13,12,8,4,0,1,5,9,10,6,2,3,7,11,15,14
13,12,8,9,5,4,0,1,2,3,7,6,10,11,15,14
13,12,8,9,10,6,5,4,0,1,2,3,7,11,15,14
14,15,11,7,3,2,1,5,6,10,9,13,12,8,4,0
14,15,11,7,3,2,6,10,9,13,12,8,4,5,1,0
14,15,11,10,6,7,3,2,1,5,9,13,12,8,4,0
14,15,11,10,9,13,12,8,4,5,6,7,3,2,1,0
14,15,11,10,9,13,12,8,4,0,1,5,6,7,3,2
14,15,11,7,3,2,1,0,4,8,12,13,9,10,6,5
14,15,11,7,3,2,6,10,9,13,12,8,4,0,1,5
14,15,11,10,6,7,3,2,1,0,4,8,12,13,9,5
14,15,11,10,9,13,12,8,4,0,1,2,3,7,6,5
14,15,11,10,6,5,9,13,12,8,4,0,1,2,3,7
14,15,11,10,9,13,12,8,4,0,1,5,6,2,3,7
14,15,11,7,3,2,1,0,4,5,6,10,9,13,12,8
14,15,11,10,6,7,3,2,1,0,4,5,9,13,12,8
14,15,11,7,3,2,1,0,4,8,12,13,9,5,6,10
14,15,11,7,3,2,6,5,1,0,4,8,12,13,9,10
14,15,11,7,3,2,1,0,4,5,6,10,9,8,12,13
14,15,11,7,3,2,6,10,9,5,1,0,4,8,12,13
14,15,11,10,6,7,3,2,1,0,4,5,9,8,12,13
14,15,11,10,9,5,6,7,3,2,1,0,4,8,12,13
14,10,6,5,9,13,12,8,4,0,1,2,3,7,11,15
14,10,9,13,12,8,4,0,1,5,6,2,3,7,11,15
14,13,12,8,4,0,1,2,3,7,6,5,9,10,11,15
14,13,12,8,4,0,1,5,9,10,6,2,3,7,11,15
14,13,12,8,9,5,4,0,1,2,3,7,6,10,11,15
14,13,12,8,9,10,6,5,4,0,1,2,3,7,11,15
15,11,7,3,2,6,5,9,10,14,13,12,8,4,0,1
15,11,7,3,2,6,10,14,13,12,8,9,5,4,0,1
15,14,10,11,7,3,2,6,5,9,13,12,8,4,0,1
15,14,13,12,8,9,10,11,7,3,2,6,5,4,0,1
15,11,7,6,5,9,10,14,13,12,8,4,0,1,2,3
15,11,7,6,10,14,13,12,8,9,5,4,0,1,2,3
15,11,10,14,13,12,8,9,5,4,0,1,2,6,7,3
15,14,10,11,7,6,5,9,13,12,8,4,0,1,2,3
15,14,13,12,8,4,0,1,2,6,5,9,10,11,7,3
15,14,13,12,8,4,0,1,5,9,10,11,7,6,2,3
15,14,13,12,8,9,5,4,0,1,2,6,10,11,7,3
15,14,13,12,8,9,10,11,7,6,5,4,0,1,2,3
15,11,7,3,2,6,10,14,13,12,8,9,5,1,0,4
15,11,10,14,13,12,8,9,5,6,7,3,2,1,0,4
15,14,13,12,8,9,5,6,10,11,7,3,2,1,0,4
15,14,13,12,8,9,10,11,7,3,2,6,5,1,0,4
15,11,7,3,2,1,0,4,5,9,8,12,13,14,10,6
15,11,7,3,2,1,0,4,8,12,13,14,10,9,5,6
15,11,10,14,13,12,8,9,5,4,0,1,2,3,7,6
15,14,10,11,7,3,2,1,0,4,8,12,13,9,5,6
15,14,13,12,8,4,0,1,2,3,7,11,10,9,5,6
15,14,13,12,8,4,0,1,5,9,10,11,7,3,2,6
15,14,13,12,8,9,5,4,0,1,2,3,7,11,10,6
15,14,13,12,8,9,10,11,7,3,2,1,0,4,5,6
15,11,7,3,2,1,0,4,5,6,10,14,13,12,8,9
15,11,7,3,2,1,0,4,8,12,13,14,10,6,5,9
15,11,7,3,2,6,5,1,0,4,8,12,13,14,10,9
15,11,7,3,2,6,10,14,13,12,8,4,0,1,5,9
15,11,10,14,13,12,8,4,0,1,2,3,7,6,5,9
15,14,10,11,7,3,2,6,5,1,0,4,8,12,13,9
15,14,13,12,8,4,0,1,2,3,7,11,10,6,5,9
15,14,13,12,8,4,0,1,5,6,2,3,7,11,10,9
15,14,10,6,5,9,13,12,8,4,0,1,2,3,7,11
15,14,10,9,13,12,8,4,0,1,5,6,2,3,7,11
15,14,13,12,8,4,0,1,2,3,7,6,5,9,10,11
15,14,13,12,8,4,0,1,5,9,10,6,2,3,7,11
15,14,13,12,8,9,5,4,0,1,2,3,7,6,10,11
15,14,13,12,8,9,10,6,5,4,0,1,2,3,7,11
15,11,7,3,2,1,0,4,5,6,10,14,13,9,8,12
15,11,7,3,2,1,0,4,8,9,5,6,10,14,13,12
15,11,7,3,2,6,5,1,0,4,8,9,10,14,13,12
15,11,7,3,2,6,10,14,13,9,5,1,0,4,8,12
15,11,10,14,13,9,5,6,7,3,2,1,0,4,8,12
15,14,10,11,7,3,2,6,5,1,0,4,8,9,13,12
15,14,13,9,5,6,10,11,7,3,2,1,0,4,8,12
15,14,13,9,10,11,7,3,2,6,5,1,0,4,8,12
15,11,7,3,2,1,0,4,5,6,10,9,8,12,13,14
15,11,7,3,2,1,0,4,8,12,13,9,5,6,10,14
15,11,7,3,2,6,5,1,0,4,8,12,13,9,10,14
15,11,7,3,2,6,10,9,5,1,0,4,8,12,13,14
15,11,10,6,7,3,2,1,0,4,5,9,8,12,13,14
15,11,10,9,5,6,7,3,2,1,0,4,8,12,13,14