0,4,1,5,2,6,3,7,10,15,11,14,9,13,8,12
0,4,1,5,2,6,3,7,11,15,10,14,9,13,8,12
0,4,1,5,2,7,3,6,9,14,11,15,10,13,8,12
0,4,1,5,2,7,3,6,10,15,11,14,9,13,8,12
0,4,1,5,2,7,3,6,11,15,10,14,9,13,8,12
0,4,1,6,3,7,2,5,8,13,10,15,11,14,9,12
0,4,1,6,3,7,2,5,9,14,11,15,10,13,8,12
0,4,1,6,3,7,2,5,10,15,11,14,9,13,8,12
0,5,2,7,3,6,1,4,8,13,10,15,11,14,9,12
0,5,2,7,3,6,1,4,9,14,11,15,10,13,8,12
0,4,1,5,2,6,3,7,10,15,11,14,9,12,8,13
0,4,1,5,2,6,3,7,11,15,10,14,9,12,8,13
0,4,1,5,2,7,3,6,10,15,11,14,9,12,8,13
0,4,1,5,2,7,3,6,11,15,10,14,9,12,8,13
0,4,1,6,3,7,2,5,8,12,9,14,11,15,10,13
0,4,1,6,3,7,2,5,10,15,11,14,9,12,8,13
0,5,2,7,3,6,1,4,8,12,9,14,11,15,10,13
0,4,1,5,2,6,3,7,11,15,10,13,8,12,9,14
0,4,1,5,2,7,3,6,9,12,8,13,10,15,11,14
0,4,1,5,2,7,3,6,11,15,10,13,8,12,9,14
0,4,1,6,3,7,2,5,8,12,9,13,10,15,11,14
0,4,1,6,3,7,2,5,9,12,8,13,10,15,11,14
0,5,2,7,3,6,1,4,8,12,9,13,10,15,11,14
0,5,2,7,3,6,1,4,9,12,8,13,10,15,11,14
0,4,1,5,2,6,3,7,10,13,8,12,9,14,11,15
0,4,1,5,2,6,3,7,11,14,9,12,8,13,10,15
0,4,1,5,2,7,3,6,9,12,8,13,10,14,11,15
0,4,1,5,2,7,3,6,10,13,8,12,9,14,11,15
0,4,1,5,2,7,3,6,11,14,9,12,8,13,10,15
0,4,1,6,3,7,2,5,8,12,9,13,10,14,11,15
0,4,1,6,3,7,2,5,9,12,8,13,10,14,11,15
0,4,1,6,3,7,2,5,10,13,8,12,9,14,11,15
0,5,2,7,3,6,1,4,8,12,9,13,10,14,11,15
0,5,2,7,3,6,1,4,9,12,8,13,10,14,11,15
1,4,0,5,2,6,3,7,10,15,11,14,9,13,8,12
1,4,0,5,2,6,3,7,11,15,10,14,9,13,8,12
1,4,0,5,2,7,3,6,9,14,11,15,10,13,8,12
1,4,0,5,2,7,3,6,10,15,11,14,9,13,8,12
1,4,0,5,2,7,3,6,11,15,10,14,9,13,8,12
1,6,3,7,2,5,0,4,8,13,10,15,11,14,9,12
1,6,3,7,2,5,0,4,9,14,11,15,10,13,8,12
1,4,0,5,2,6,3,7,10,15,11,14,9,12,8,13
1,4,0,5,2,6,3,7,11,15,10,14,9,12,8,13
1,4,0,5,2,7,3,6,10,15,11,14,9,12,8,13
1,4,0,5,2,7,3,6,11,15,10,14,9,12,8,13
1,6,3,7,2,5,0,4,8,12,9,14,11,15,10,13
1,4,0,5,2,6,3,7,11,15,10,13,8,12,9,14
1,4,0,5,2,7,3,6,9,12,8,13,10,15,11,14
1,4,0,5,2,7,3,6,11,15,10,13,8,12,9,14
1,6,3,7,2,5,0,4,8,12,9,13,10,15,11,14
1,6,3,7,2,5,0,4,9,12,8,13,10,15,11,14
1,4,0,5,2,6,3,7,10,13,8,12,9,14,11,15
1,4,0,5,2,6,3,7,11,14,9,12,8,13,10,15
1,4,0,5,2,7,3,6,9,12,8,13,10,14,11,15
1,4,0,5,2,7,3,6,10,13,8,12,9,14,11,15
1,4,0,5,2,7,3,6,11,14,9,12,8,13,10,15
1,6,3,7,2,5,0,4,8,12,9,13,10,14,11,15
1,6,3,7,2,5,0,4,9,12,8,13,10,14,11,15
2,5,0,4,1,6,3,7,10,15,11,14,9,13,8,12
2,5,0,4,1,6,3,7,11,15,10,14,9,13,8,12
2,7,3,6,1,4,0,5,8,13,10,15,11,14,9,12
2,7,3,6,1,4,0,5,9,14,11,15,10,13,8,12
2,7,3,6,1,4,0,5,10,15,11,14,9,13,8,12
2,7,3,6,1,5,0,4,8,13,10,15,11,14,9,12
2,7,3,6,1,5,0,4,9,14,11,15,10,13,8,12
2,5,0,4,1,6,3,7,10,15,11,14,9,12,8,13
2,5,0,4,1,6,3,7,11,15,10,14,9,12,8,13
2,7,3,6,1,4,0,5,8,12,9,14,11,15,10,13
2,7,3,6,1,4,0,5,10,15,11,14,9,12,8,13
2,7,3,6,1,5,0,4,8,12,9,14,11,15,10,13
2,5,0,4,1,6,3,7,11,15,10,13,8,12,9,14
2,7,3,6,1,4,0,5,8,12,9,13,10,15,11,14
2,7,3,6,1,4,0,5,9,12,8,13,10,15,11,14
2,7,3,6,1,5,0,4,8,12,9,13,10,15,11,14
2,7,3,6,1,5,0,4,9,12,8,13,10,15,11,14
2,5,0,4,1,6,3,7,10,13,8,12,9,14,11,15
2,5,0,4,1,6,3,7,11,14,9,12,8,13,10,15
2,7,3,6,1,4,0,5,8,12,9,13,10,14,11,15
2,7,3,6,1,4,0,5,9,12,8,13,10,14,11,15
2,7,3,6,1,4,0,5,10,13,8,12,9,14,11,15
2,7,3,6,1,5,0,4,8,12,9,13,10,14,11,15
2,7,3,6,1,5,0,4,9,12,8,13,10,14,11,15
3,6,1,4,0,5,2,7,10,15,11,14,9,13,8,12
3,6,1,4,0,5,2,7,11,15,10,14,9,13,8,12
3,7,2,5,0,4,1,6,9,14,11,15,10,13,8,12
3,7,2,5,0,4,1,6,10,15,11,14,9,13,8,12
3,7,2,5,0,4,1,6,11,15,10,14,9,13,8,12
3,7,2,6,1,4,0,5,8,13,10,15,11,14,9,12
3,7,2,6,1,4,0,5,9,14,11,15,10,13,8,12
3,7,2,6,1,4,0,5,10,15,11,14,9,13,8,12
3,7,2,6,1,5,0,4,8,13,10,15,11,14,9,12
3,7,2,6,1,5,0,4,9,14,11,15,10,13,8,12
3,6,1,4,0,5,2,7,10,15,11,14,9,12,8,13
3,6,1,4,0,5,2,7,11,15,10,14,9,12,8,13
3,7,2,5,0,4,1,6,10,15,11,14,9,12,8,13
3,7,2,5,0,4,1,6,11,15,10,14,9,12,8,13
3,7,2,6,1,4,0,5,8,12,9,14,11,15,10,13
3,7,2,6,1,4,0,5,10,15,11,14,9,12,8,13
3,7,2,6,1,5,0,4,8,12,9,14,11,15,10,13
3,6,1,4,0,5,2,7,11,15,10,13,8,12,9,14
3,7,2,5,0,4,1,6,9,12,8,13,10,15,11,14
3,7,2,5,0,4,1,6,11,15,10,13,8,12,9,14
3,7,2,6,1,4,0,5,8,12,9,13,10,15,11,14
3,7,2,6,1,4,0,5,9,12,8,13,10,15,11,14
3,7,2,6,1,5,0,4,8,12,9,13,10,15,11,14
3,7,2,6,1,5,0,4,9,12,8,13,10,15,11,14
3,6,1,4,0,5,2,7,10,13,8,12,9,14,11,15
3,6,1,4,0,5,2,7,11,14,9,12,8,13,10,15
3,7,2,5,0,4,1,6,9,12,8,13,10,14,11,15
3,7,2,5,0,4,1,6,10,13,8,12,9,14,11,15
3,7,2,5,0,4,1,6,11,14,9,12,8,13,10,15
3,7,2,6,1,4,0,5,8,12,9,13,10,14,11,15
3,7,2,6,1,4,0,5,9,12,8,13,10,14,11,15
3,7,2,6,1,4,0,5,10,13,8,12,9,14,11,15
3,7,2,6,1,5,0,4,8,12,9,13,10,14,11,15
3,7,2,6,1,5,0,4,9,12,8,13,10,14,11,15
12,8,13,9,14,10,15,11,6,3,7,2,5,1,4,0
12,8,13,9,14,10,15,11,7,3,6,2,5,1,4,0
12,8,13,9,14,11,15,10,5,2,7,3,6,1,4,0
12,8,13,9,14,11,15,10,6,3,7,2,5,1,4,0
12,8,13,9,14,11,15,10,7,3,6,2,5,1,4,0
12,8,13,10,15,11,14,9,4,1,6,3,7,2,5,0
12,8,13,10,15,11,14,9,5,2,7,3,6,1,4,0
12,8,13,10,15,11,14,9,6,3,7,2,5,1,4,0
12,9,14,11,15,10,13,8,4,1,6,3,7,2,5,0
12,9,14,11,15,10,13,8,5,2,7,3,6,1,4,0
12,8,13,9,14,10,15,11,6,3,7,2,5,0,4,1
12,8,13,9,14,10,15,11,7,3,6,2,5,0,4,1
12,8,13,9,14,11,15,10,6,3,7,2,5,0,4,1
12,8,13,9,14,11,15,10,7,3,6,2,5,0,4,1
12,8,13,10,15,11,14,9,4,0,5,2,7,3,6,1
12,8,13,10,15,11,14,9,6,3,7,2,5,0,4,1
12,9,14,11,15,10,13,8,4,0,5,2,7,3,6,1
12,8,13,9,14,10,15,11,7,3,6,1,4,0,5,2
12,8,13,9,14,11,15,10,5,0,4,1,6,3,7,2
12,8,13,9,14,11,15,10,7,3,6,1,4,0,5,2
12,8,13,10,15,11,14,9,4,0,5,1,6,3,7,2
12,8,13,10,15,11,14,9,5,0,4,1,6,3,7,2
12,9,14,11,15,10,13,8,4,0,5,1,6,3,7,2
12,9,14,11,15,10,13,8,5,0,4,1,6,3,7,2
12,8,13,9,14,10,15,11,6,1,4,0,5,2,7,3
12,8,13,9,14,10,15,11,7,2,5,0,4,1,6,3
12,8,13,9,14,11,15,10,5,0,4,1,6,2,7,3
12,8,13,9,14,11,15,10,6,1,4,0,5,2,7,3
12,8,13,9,14,11,15,10,7,2,5,0,4,1,6,3
12,8,13,10,15,11,14,9,4,0,5,1,6,2,7,3
12,8,13,10,15,11,14,9,5,0,4,1,6,2,7,3
12,8,13,10,15,11,14,9,6,1,4,0,5,2,7,3
12,9,14,11,15,10,13,8,4,0,5,1,6,2,7,3
12,9,14,11,15,10,13,8,5,0,4,1,6,2,7,3
13,8,12,9,14,10,15,11,6,3,7,2,5,1,4,0
13,8,12,9,14,10,15,11,7,3,6,2,5,1,4,0
13,8,12,9,14,11,15,10,5,2,7,3,6,1,4,0
13,8,12,9,14,11,15,10,6,3,7,2,5,1,4,0
13,8,12,9,14,11,15,10,7,3,6,2,5,1,4,0
13,10,15,11,14,9,12,8,4,1,6,3,7,2,5,0
13,10,15,11,14,9,12,8,5,2,7,3,6,1,4,0
13,8,12,9,14,10,15,11,6,3,7,2,5,0,4,1
13,8,12,9,14,10,15,11,7,3,6,2,5,0,4,1
13,8,12,9,14,11,15,10,6,3,7,2,5,0,4,1
13,8,12,9,14,11,15,10,7,3,6,2,5,0,4,1
13,10,15,11,14,9,12,8,4,0,5,2,7,3,6,1
13,8,12,9,14,10,15,11,7,3,6,1,4,0,5,2
13,8,12,9,14,11,15,10,5,0,4,1,6,3,7,2
13,8,12,9,14,11,15,10,7,3,6,1,4,0,5,2
13,10,15,11,14,9,12,8,4,0,5,1,6,3,7,2
13,10,15,11,14,9,12,8,5,0,4,1,6,3,7,2
13,8,12,9,14,10,15,11,6,1,4,0,5,2,7,3
13,8,12,9,14,10,15,11,7,2,5,0,4,1,6,3
13,8,12,9,14,11,15,10,5,0,4,1,6,2,7,3
13,8,12,9,14,11,15,10,6,1,4,0,5,2,7,3
13,8,12,9,14,11,15,10,7,2,5,0,4,1,6,3
13,10,15,11,14,9,12,8,4,0,5,1,6,2,7,3
13,10,15,11,14,9,12,8,5,0,4,1,6,2,7,3
14,9,12,8,13,10,15,11,6,3,7,2,5,1,4,0
14,9,12,8,13,10,15,11,7,3,6,2,5,1,4,0
14,11,15,10,13,8,12,9,4,1,6,3,7,2,5,0
14,11,15,10,13,8,12,9,5,2,7,3,6,1,4,0
14,11,15,10,13,8,12,9,6,3,7,2,5,1,4,0
14,11,15,10,13,9,12,8,4,1,6,3,7,2,5,0
14,11,15,10,13,9,12,8,5,2,7,3,6,1,4,0
14,9,12,8,13,10,15,11,6,3,7,2,5,0,4,1
14,9,12,8,13,10,15,11,7,3,6,2,5,0,4,1
14,11,15,10,13,8,12,9,4,0,5,2,7,3,6,1
14,11,15,10,13,8,12,9,6,3,7,2,5,0,4,1
14,11,15,10,13,9,12,8,4,0,5,2,7,3,6,1
14,9,12,8,13,10,15,11,7,3,6,1,4,0,5,2
14,11,15,10,13,8,12,9,4,0,5,1,6,3,7,2
14,11,15,10,13,8,12,9,5,0,4,1,6,3,7,2
14,11,15,10,13,9,12,8,4,0,5,1,6,3,7,2
14,11,15,10,13,9,12,8,5,0,4,1,6,3,7,2
14,9,12,8,13,10,15,11,6,1,4,0,5,2,7,3
14,9,12,8,13,10,15,11,7,2,5,0,4,1,6,3
14,11,15,10,13,8,12,9,4,0,5,1,6,2,7,3
14,11,15,10,13,8,12,9,5,0,4,1,6,2,7,3
14,11,15,10,13,8,12,9,6,1,4,0,5,2,7,3
14,11,15,10,13,9,12,8,4,0,5,1,6,2,7,3
14,11,15,10,13,9,12,8,5,0,4,1,6,2,7,3
15,10,13,8,12,9,14,11,6,3,7,2,5,1,4,0
15,10,13,8,12,9,14,11,7,3,6,2,5,1,4,0
15,11,14,9,12,8,13,10,5,2,7,3,6,1,4,0
15,11,14,9,12,8,13,10,6,3,7,2,5,1,4,0
15,11,14,9,12,8,13,10,7,3,6,2,5,1,4,0
15,11,14,10,13,8,12,9,4,1,6,3,7,2,5,0
15,11,14,10,13,8,12,9,5,2,7,3,6,1,4,0
15,11,14,10,13,8,12,9,6,3,7,2,5,1,4,0
15,11,14,10,13,9,12,8,4,1,6,3,7,2,5,0
15,11,14,10,13,9,12,8,5,2,7,3,6,1,4,0
15,10,13,8,12,9,14,11,6,3,7,2,5,0,4,1
15,10,13,8,12,9,14,11,7,3,6,2,5,0,4,1
15,11,14,9,12,8,13,10,6,3,7,2,5,0,4,1
15,11,14,9,12,8,13,10,7,3,6,2,5,0,4,1
15,11,14,10,13,8,12,9,4,0,5,2,7,3,6,1
15,11,14,10,13,8,12,9,6,3,7,2,5,0,4,1
15,11,14,10,13,9,12,8,4,0,5,2,7,3,6,1
15,10,13,8,12,9,14,11,7,3,6,1,4,0,5,2
15,11,14,9,12,8,13,10,5,0,4,1,6,3,7,2
15,11,14,9,12,8,13,10,7,3,6,1,4,0,5,2
15,11,14,10,13,8,12,9,4,0,5,1,6,3,7,2
15,11,14,10,13,8,12,9,5,0,4,1,6,3,7,2
15,11,14,10,13,9,12,8,4,0,5,1,6,3,7,2
15,11,14,10,13,9,12,8,5,0,4,1,6,3,7,2
15,10,13,8,12,9,14,11,6,1,4,0,5,2,7,3
15,10,13,8,12,9,14,11,7,2,5,0,4,1,6,3
15,11,14,9,12,8,13,10,5,0,4,1,6,2,7,3
15,11,14,9,12,8,13,10,6,1,4,0,5,2,7,3
15,11,14,9,12,8,13,10,7,2,5,0,4,1,6,3
15,11,14,10,13,8,12,9,4,0,5,1,6,2,7,3
15,11,14,10,13,8,12,9,5,0,4,1,6,2,7,3
15,11,14,10,13,8,12,9,6,1,4,0,5,2,7,3
15,11,14,10,13,9,12,8,4,0,5,1,6,2,7,3
15,11,14,10,13,9,12,8,5,0,4,1,6,2,7,3