0,1,4,5,8,9,12,13,10,15,14,11,6,7,2,3
0,1,4,5,8,9,12,13,14,15,10,11,6,7,2,3
0,1,4,5,8,13,12,9,6,11,14,15,10,7,2,3
0,1,4,5,8,13,12,9,10,15,14,11,6,7,2,3
0,1,4,5,8,13,12,9,14,15,10,11,6,7,2,3
0,1,4,9,12,13,8,5,2,7,10,15,14,11,6,3
0,1,4,9,12,13,8,5,6,11,14,15,10,7,2,3
0,1,4,9,12,13,8,5,10,15,14,11,6,7,2,3
0,5,8,13,12,9,4,1,2,7,10,15,14,11,6,3
0,5,8,13,12,9,4,1,6,11,14,15,10,7,2,3
0,1,4,5,8,9,12,13,10,15,14,11,6,3,2,7
0,1,4,5,8,9,12,13,14,15,10,11,6,3,2,7
0,1,4,5,8,13,12,9,10,15,14,11,6,3,2,7
0,1,4,5,8,13,12,9,14,15,10,11,6,3,2,7
0,1,4,9,12,13,8,5,2,3,6,11,14,15,10,7
0,1,4,9,12,13,8,5,10,15,14,11,6,3,2,7
0,5,8,13,12,9,4,1,2,3,6,11,14,15,10,7
0,1,4,5,8,9,12,13,14,15,10,7,2,3,6,11
0,1,4,5,8,13,12,9,6,3,2,7,10,15,14,11
0,1,4,5,8,13,12,9,14,15,10,7,2,3,6,11
0,1,4,9,12,13,8,5,2,3,6,7,10,15,14,11
0,1,4,9,12,13,8,5,6,3,2,7,10,15,14,11
0,5,8,13,12,9,4,1,2,3,6,7,10,15,14,11
0,5,8,13,12,9,4,1,6,3,2,7,10,15,14,11
0,1,4,5,8,9,12,13,10,7,2,3,6,11,14,15
0,1,4,5,8,9,12,13,14,11,6,3,2,7,10,15
0,1,4,5,8,13,12,9,6,3,2,7,10,11,14,15
0,1,4,5,8,13,12,9,10,7,2,3,6,11,14,15
0,1,4,5,8,13,12,9,14,11,6,3,2,7,10,15
0,1,4,9,12,13,8,5,2,3,6,7,10,11,14,15
0,1,4,9,12,13,8,5,6,3,2,7,10,11,14,15
0,1,4,9,12,13,8,5,10,7,2,3,6,11,14,15
0,5,8,13,12,9,4,1,2,3,6,7,10,11,14,15
0,5,8,13,12,9,4,1,6,3,2,7,10,11,14,15
3,2,7,6,11,10,15,14,9,12,13,8,5,4,1,0
3,2,7,6,11,10,15,14,13,12,9,8,5,4,1,0
3,2,7,6,11,14,15,10,5,8,13,12,9,4,1,0
3,2,7,6,11,14,15,10,9,12,13,8,5,4,1,0
3,2,7,6,11,14,15,10,13,12,9,8,5,4,1,0
3,2,7,10,15,14,11,6,1,4,9,12,13,8,5,0
3,2,7,10,15,14,11,6,5,8,13,12,9,4,1,0
3,2,7,10,15,14,11,6,9,12,13,8,5,4,1,0
3,6,11,14,15,10,7,2,1,4,9,12,13,8,5,0
3,6,11,14,15,10,7,2,5,8,13,12,9,4,1,0
3,2,7,6,11,10,15,14,9,12,13,8,5,0,1,4
3,2,7,6,11,10,15,14,13,12,9,8,5,0,1,4
3,2,7,6,11,14,15,10,9,12,13,8,5,0,1,4
3,2,7,6,11,14,15,10,13,12,9,8,5,0,1,4
3,2,7,10,15,14,11,6,1,0,5,8,13,12,9,4
3,2,7,10,15,14,11,6,9,12,13,8,5,0,1,4
3,6,11,14,15,10,7,2,1,0,5,8,13,12,9,4
3,2,7,6,11,10,15,14,13,12,9,4,1,0,5,8
3,2,7,6,11,14,15,10,5,0,1,4,9,12,13,8
3,2,7,6,11,14,15,10,13,12,9,4,1,0,5,8
3,2,7,10,15,14,11,6,1,0,5,4,9,12,13,8
3,2,7,10,15,14,11,6,5,0,1,4,9,12,13,8
3,6,11,14,15,10,7,2,1,0,5,4,9,12,13,8
3,6,11,14,15,10,7,2,5,0,1,4,9,12,13,8
3,2,7,6,11,10,15,14,9,4,1,0,5,8,13,12
3,2,7,6,11,10,15,14,13,8,5,0,1,4,9,12
3,2,7,6,11,14,15,10,5,0,1,4,9,8,13,12
3,2,7,6,11,14,15,10,9,4,1,0,5,8,13,12
3,2,7,6,11,14,15,10,13,8,5,0,1,4,9,12
3,2,7,10,15,14,11,6,1,0,5,4,9,8,13,12
3,2,7,10,15,14,11,6,5,0,1,4,9,8,13,12
3,2,7,10,15,14,11,6,9,4,1,0,5,8,13,12
3,6,11,14,15,10,7,2,1,0,5,4,9,8,13,12
3,6,11,14,15,10,7,2,5,0,1,4,9,8,13,12
4,1,0,5,8,9,12,13,10,15,14,11,6,7,2,3
4,1,0,5,8,9,12,13,14,15,10,11,6,7,2,3
4,1,0,5,8,13,12,9,6,11,14,15,10,7,2,3
4,1,0,5,8,13,12,9,10,15,14,11,6,7,2,3
4,1,0,5,8,13,12,9,14,15,10,11,6,7,2,3
4,9,12,13,8,5,0,1,2,7,10,15,14,11,6,3
4,9,12,13,8,5,0,1,6,11,14,15,10,7,2,3
4,1,0,5,8,9,12,13,10,15,14,11,6,3,2,7
4,1,0,5,8,9,12,13,14,15,10,11,6,3,2,7
4,1,0,5,8,13,12,9,10,15,14,11,6,3,2,7
4,1,0,5,8,13,12,9,14,15,10,11,6,3,2,7
4,9,12,13,8,5,0,1,2,3,6,11,14,15,10,7
4,1,0,5,8,9,12,13,14,15,10,7,2,3,6,11
4,1,0,5,8,13,12,9,6,3,2,7,10,15,14,11
4,1,0,5,8,13,12,9,14,15,10,7,2,3,6,11
4,9,12,13,8,5,0,1,2,3,6,7,10,15,14,11
4,9,12,13,8,5,0,1,6,3,2,7,10,15,14,11
4,1,0,5,8,9,12,13,10,7,2,3,6,11,14,15
4,1,0,5,8,9,12,13,14,11,6,3,2,7,10,15
4,1,0,5,8,13,12,9,6,3,2,7,10,11,14,15
4,1,0,5,8,13,12,9,10,7,2,3,6,11,14,15
4,1,0,5,8,13,12,9,14,11,6,3,2,7,10,15
4,9,12,13,8,5,0,1,2,3,6,7,10,11,14,15
4,9,12,13,8,5,0,1,6,3,2,7,10,11,14,15
7,2,3,6,11,10,15,14,9,12,13,8,5,4,1,0
7,2,3,6,11,10,15,14,13,12,9,8,5,4,1,0
7,2,3,6,11,14,15,10,5,8,13,12,9,4,1,0
7,2,3,6,11,14,15,10,9,12,13,8,5,4,1,0
7,2,3,6,11,14,15,10,13,12,9,8,5,4,1,0
7,10,15,14,11,6,3,2,1,4,9,12,13,8,5,0
7,10,15,14,11,6,3,2,5,8,13,12,9,4,1,0
7,2,3,6,11,10,15,14,9,12,13,8,5,0,1,4
7,2,3,6,11,10,15,14,13,12,9,8,5,0,1,4
7,2,3,6,11,14,15,10,9,12,13,8,5,0,1,4
7,2,3,6,11,14,15,10,13,12,9,8,5,0,1,4
7,10,15,14,11,6,3,2,1,0,5,8,13,12,9,4
7,2,3,6,11,10,15,14,13,12,9,4,1,0,5,8
7,2,3,6,11,14,15,10,5,0,1,4,9,12,13,8
7,2,3,6,11,14,15,10,13,12,9,4,1,0,5,8
7,10,15,14,11,6,3,2,1,0,5,4,9,12,13,8
7,10,15,14,11,6,3,2,5,0,1,4,9,12,13,8
7,2,3,6,11,10,15,14,9,4,1,0,5,8,13,12
7,2,3,6,11,10,15,14,13,8,5,0,1,4,9,12
7,2,3,6,11,14,15,10,5,0,1,4,9,8,13,12
7,2,3,6,11,14,15,10,9,4,1,0,5,8,13,12
7,2,3,6,11,14,15,10,13,8,5,0,1,4,9,12
7,10,15,14,11,6,3,2,1,0,5,4,9,8,13,12
7,10,15,14,11,6,3,2,5,0,1,4,9,8,13,12
8,5,0,1,4,9,12,13,10,15,14,11,6,7,2,3
8,5,0,1,4,9,12,13,14,15,10,11,6,7,2,3
8,13,12,9,4,1,0,5,2,7,10,15,14,11,6,3
8,13,12,9,4,1,0,5,6,11,14,15,10,7,2,3
8,13,12,9,4,1,0,5,10,15,14,11,6,7,2,3
8,13,12,9,4,5,0,1,2,7,10,15,14,11,6,3
8,13,12,9,4,5,0,1,6,11,14,15,10,7,2,3
8,5,0,1,4,9,12,13,10,15,14,11,6,3,2,7
8,5,0,1,4,9,12,13,14,15,10,11,6,3,2,7
8,13,12,9,4,1,0,5,2,3,6,11,14,15,10,7
8,13,12,9,4,1,0,5,10,15,14,11,6,3,2,7
8,13,12,9,4,5,0,1,2,3,6,11,14,15,10,7
8,5,0,1,4,9,12,13,14,15,10,7,2,3,6,11
8,13,12,9,4,1,0,5,2,3,6,7,10,15,14,11
8,13,12,9,4,1,0,5,6,3,2,7,10,15,14,11
8,13,12,9,4,5,0,1,2,3,6,7,10,15,14,11
8,13,12,9,4,5,0,1,6,3,2,7,10,15,14,11
8,5,0,1,4,9,12,13,10,7,2,3,6,11,14,15
8,5,0,1,4,9,12,13,14,11,6,3,2,7,10,15
8,13,12,9,4,1,0,5,2,3,6,7,10,11,14,15
8,13,12,9,4,1,0,5,6,3,2,7,10,11,14,15
8,13,12,9,4,1,0,5,10,7,2,3,6,11,14,15
8,13,12,9,4,5,0,1,2,3,6,7,10,11,14,15
8,13,12,9,4,5,0,1,6,3,2,7,10,11,14,15
11,6,3,2,7,10,15,14,9,12,13,8,5,4,1,0
11,6,3,2,7,10,15,14,13,12,9,8,5,4,1,0
11,14,15,10,7,2,3,6,1,4,9,12,13,8,5,0
11,14,15,10,7,2,3,6,5,8,13,12,9,4,1,0
11,14,15,10,7,2,3,6,9,12,13,8,5,4,1,0
11,14,15,10,7,6,3,2,1,4,9,12,13,8,5,0
11,14,15,10,7,6,3,2,5,8,13,12,9,4,1,0
11,6,3,2,7,10,15,14,9,12,13,8,5,0,1,4
11,6,3,2,7,10,15,14,13,12,9,8,5,0,1,4
11,14,15,10,7,2,3,6,1,0,5,8,13,12,9,4
11,14,15,10,7,2,3,6,9,12,13,8,5,0,1,4
11,14,15,10,7,6,3,2,1,0,5,8,13,12,9,4
11,6,3,2,7,10,15,14,13,12,9,4,1,0,5,8
11,14,15,10,7,2,3,6,1,0,5,4,9,12,13,8
11,14,15,10,7,2,3,6,5,0,1,4,9,12,13,8
11,14,15,10,7,6,3,2,1,0,5,4,9,12,13,8
11,14,15,10,7,6,3,2,5,0,1,4,9,12,13,8
11,6,3,2,7,10,15,14,9,4,1,0,5,8,13,12
11,6,3,2,7,10,15,14,13,8,5,0,1,4,9,12
11,14,15,10,7,2,3,6,1,0,5,4,9,8,13,12
11,14,15,10,7,2,3,6,5,0,1,4,9,8,13,12
11,14,15,10,7,2,3,6,9,4,1,0,5,8,13,12
11,14,15,10,7,6,3,2,1,0,5,4,9,8,13,12
11,14,15,10,7,6,3,2,5,0,1,4,9,8,13,12
12,9,4,1,0,5,8,13,10,15,14,11,6,7,2,3
12,9,4,1,0,5,8,13,14,15,10,11,6,7,2,3
12,13,8,5,0,1,4,9,6,11,14,15,10,7,2,3
12,13,8,5,0,1,4,9,10,15,14,11,6,7,2,3
12,13,8,5,0,1,4,9,14,15,10,11,6,7,2,3
12,13,8,9,4,1,0,5,2,7,10,15,14,11,6,3
12,13,8,9,4,1,0,5,6,11,14,15,10,7,2,3
12,13,8,9,4,1,0,5,10,15,14,11,6,7,2,3
12,13,8,9,4,5,0,1,2,7,10,15,14,11,6,3
12,13,8,9,4,5,0,1,6,11,14,15,10,7,2,3
12,9,4,1,0,5,8,13,10,15,14,11,6,3,2,7
12,9,4,1,0,5,8,13,14,15,10,11,6,3,2,7
12,13,8,5,0,1,4,9,10,15,14,11,6,3,2,7
12,13,8,5,0,1,4,9,14,15,10,11,6,3,2,7
12,13,8,9,4,1,0,5,2,3,6,11,14,15,10,7
12,13,8,9,4,1,0,5,10,15,14,11,6,3,2,7
12,13,8,9,4,5,0,1,2,3,6,11,14,15,10,7
12,9,4,1,0,5,8,13,14,15,10,7,2,3,6,11
12,13,8,5,0,1,4,9,6,3,2,7,10,15,14,11
12,13,8,5,0,1,4,9,14,15,10,7,2,3,6,11
12,13,8,9,4,1,0,5,2,3,6,7,10,15,14,11
12,13,8,9,4,1,0,5,6,3,2,7,10,15,14,11
12,13,8,9,4,5,0,1,2,3,6,7,10,15,14,11
12,13,8,9,4,5,0,1,6,3,2,7,10,15,14,11
12,9,4,1,0,5,8,13,10,7,2,3,6,11,14,15
12,9,4,1,0,5,8,13,14,11,6,3,2,7,10,15
12,13,8,5,0,1,4,9,6,3,2,7,10,11,14,15
12,13,8,5,0,1,4,9,10,7,2,3,6,11,14,15
12,13,8,5,0,1,4,9,14,11,6,3,2,7,10,15
12,13,8,9,4,1,0,5,2,3,6,7,10,11,14,15
12,13,8,9,4,1,0,5,6,3,2,7,10,11,14,15
12,13,8,9,4,1,0,5,10,7,2,3,6,11,14,15
12,13,8,9,4,5,0,1,2,3,6,7,10,11,14,15
12,13,8,9,4,5,0,1,6,3,2,7,10,11,14,15
15,10,7,2,3,6,11,14,9,12,13,8,5,4,1,0
15,10,7,2,3,6,11,14,13,12,9,8,5,4,1,0
15,14,11,6,3,2,7,10,5,8,13,12,9,4,1,0
15,14,11,6,3,2,7,10,9,12,13,8,5,4,1,0
15,14,11,6,3,2,7,10,13,12,9,8,5,4,1,0
15,14,11,10,7,2,3,6,1,4,9,12,13,8,5,0
15,14,11,10,7,2,3,6,5,8,13,12,9,4,1,0
15,14,11,10,7,2,3,6,9,12,13,8,5,4,1,0
15,14,11,10,7,6,3,2,1,4,9,12,13,8,5,0
15,14,11,10,7,6,3,2,5,8,13,12,9,4,1,0
15,10,7,2,3,6,11,14,9,12,13,8,5,0,1,4
15,10,7,2,3,6,11,14,13,12,9,8,5,0,1,4
15,14,11,6,3,2,7,10,9,12,13,8,5,0,1,4
15,14,11,6,3,2,7,10,13,12,9,8,5,0,1,4
15,14,11,10,7,2,3,6,1,0,5,8,13,12,9,4
15,14,11,10,7,2,3,6,9,12,13,8,5,0,1,4
15,14,11,10,7,6,3,2,1,0,5,8,13,12,9,4
15,10,7,2,3,6,11,14,13,12,9,4,1,0,5,8
15,14,11,6,3,2,7,10,5,0,1,4,9,12,13,8
15,14,11,6,3,2,7,10,13,12,9,4,1,0,5,8
15,14,11,10,7,2,3,6,1,0,5,4,9,12,13,8
15,14,11,10,7,2,3,6,5,0,1,4,9,12,13,8
15,14,11,10,7,6,3,2,1,0,5,4,9,12,13,8
15,14,11,10,7,6,3,2,5,0,1,4,9,12,13,8
15,10,7,2,3,6,11,14,9,4,1,0,5,8,13,12
15,10,7,2,3,6,11,14,13,8,5,0,1,4,9,12
15,14,11,6,3,2,7,10,5,0,1,4,9,8,13,12
15,14,11,6,3,2,7,10,9,4,1,0,5,8,13,12
15,14,11,6,3,2,7,10,13,8,5,0,1,4,9,12
15,14,11,10,7,2,3,6,1,0,5,4,9,8,13,12
15,14,11,10,7,2,3,6,5,0,1,4,9,8,13,12
15,14,11,10,7,2,3,6,9,4,1,0,5,8,13,12
15,14,11,10,7,6,3,2,1,0,5,4,9,8,13,12
15,14,11,10,7,6,3,2,5,0,1,4,9,8,13,12